1 548 480 713 635 0.80351627
1 276 494 393 649 0.4153073
1 368 505 448 603 0.38162997
1 413 493 538 602 0.069277376
1 310 501 444 632 0.03454344
1 383 495 469 575 0.024400324
1 129 496 285 660 0.02244588
1 470 497 559 608 0.022095332
1 340 490 439 568 0.015006093
1 270 486 363 593 0.0149074355
1 349 499 516 653 0.012265275
2 546 481 711 629 0.18700972
2 128 497 277 645 0.034364574
2 401 0 527 94 0.033299685
2 279 502 379 619 0.01298747
3 547 479 710 632 0.3859876
3 131 481 275 632 0.057638094
3 401 0 527 94 0.045062188
3 279 502 379 619 0.032646686
