1 1075 249 1439 663 0.98581845
1 526 199 845 594 0.49569267
1 307 233 489 405 0.20217806
1 635 214 935 674 0.071683295
1 806 232 1210 690 0.03000635
1 283 235 584 539 0.028448315
1 351 229 744 670 0.028246686
1 720 300 1034 705 0.025533399
1 239 234 451 492 0.018958343
1 1288 1100 1643 1347 0.016005032
1 1259 209 1397 371 0.015105401
1 1552 87 1673 298 0.013640862
1 375 187 689 475 0.012968876
1 705 164 1008 493 0.012522029
1 1132 0 1400 225 0.010224314
2 1080 247 1445 672 0.020013923
2 307 233 489 405 0.015064066
2 500 208 787 493 0.013268874
3 307 233 489 405 0.10531703
3 514 199 810 504 0.046797697
3 659 218 924 684 0.014356517
3 283 235 584 539 0.014289171
3 1288 1100 1643 1347 0.010410084
