1 1328 547 1599 813 0.5707769
1 796 425 1363 863 0.03291728
1 564 425 819 904 0.027226679
1 1185 513 1525 827 0.022332309
1 734 454 1027 872 0.020814296
1 1395 517 1747 831 0.018376308
1 620 540 934 915 0.018252624
1 1787 543 1938 828 0.01259943
1 1015 493 1415 831 0.01074716
1 1406 528 1579 736 0.010540071
2 1380 569 1568 760 0.036834463
2 1313 555 1600 842 0.012844457
3 1296 537 1565 823 0.2084907
3 564 425 819 904 0.03556232
3 1378 570 1577 755 0.032273047
3 1366 528 1744 825 0.02151802
3 612 382 934 807 0.01801119
3 523 267 859 718 0.014665984
3 484 398 708 942 0.013281328
3 734 454 1027 872 0.013035866
3 536 97 1069 696 0.011016913
3 1175 419 1479 800 0.010605488
