1 214 453 430 694 0.9354589
1 684 447 909 642 0.6857041
1 455 564 550 683 0.035309218
1 173 476 307 700 0.027330155
1 302 554 435 700 0.023786707
1 448 538 621 698 0.021077154
1 435 535 518 663 0.01852778
1 322 476 532 690 0.016339872
1 251 479 396 626 0.010484537
2 249 484 426 706 0.04188614
2 699 453 907 633 0.016787818
2 304 566 435 695 0.012590152
3 242 464 425 699 0.07445139
3 549 519 710 700 0.025892649
3 183 505 293 693 0.022727313
3 699 453 907 633 0.022433084
3 302 554 435 700 0.013897453
3 553 515 640 670 0.013334722
3 190 446 354 683 0.013053961
3 436 544 584 701 0.010790466
