1 649 359 904 566 0.9902773
1 243 381 469 584 0.98865384
1 282 25 391 181 0.05868086
1 547 6 655 125 0.051146455
1 351 0 545 136 0.047890007
1 509 18 687 194 0.033784974
1 448 355 605 518 0.023715286
1 780 527 931 614 0.022370242
1 512 54 641 150 0.019045155
1 538 366 781 560 0.013337535
1 661 0 823 139 0.012833017
1 376 372 590 568 0.012049804
2 255 383 470 579 0.060962297
2 651 361 896 561 0.02046285
2 549 0 652 110 0.016676737
3 657 365 905 556 0.03231069
3 255 383 470 579 0.032115515
3 189 6 365 199 0.01763573
3 286 12 388 168 0.014268697
