1 946 608 1265 941 0.8998338
1 185 610 445 955 0.86445194
1 528 752 781 979 0.7775175
1 1221 603 1454 918 0.16789876
1 233 823 469 1020 0.050985564
1 1112 593 1373 890 0.03381271
1 301 706 587 966 0.029072473
1 1308 572 1516 933 0.011748325
2 191 603 427 911 0.13950156
2 943 616 1263 932 0.102893576
2 542 757 784 976 0.06737245
2 287 843 504 1016 0.014168172
2 1173 587 1418 891 0.014014986
3 537 757 781 978 0.49589467
3 191 603 427 911 0.09945618
3 947 612 1262 940 0.05986233
3 1173 587 1418 891 0.028077513
3 1173 15 1409 262 0.02066556
3 259 816 517 1018 0.018949606
3 1290 34 1416 271 0.014710141
3 322 109 577 355 0.013189846
3 252 0 498 250 0.010459644
