1 378 416 591 612 0.23592003
1 735 407 958 608 0.101626255
1 168 404 364 643 0.05260979
1 539 432 736 604 0.029381543
1 939 57 1153 298 0.019779703
1 156 21 251 192 0.019713415
2 731 402 952 612 0.81562567
2 386 420 593 616 0.12949128
2 947 44 1176 304 0.027562812
2 156 21 251 192 0.016179267
3 386 420 593 616 0.23917556
3 743 400 958 612 0.20227614
3 179 411 382 637 0.056824666
3 939 57 1153 298 0.018224562
3 156 21 251 192 0.018125234
3 230 914 384 1019 0.016007902
3 810 871 1004 1040 0.014721008
3 539 432 736 604 0.013170679
