1 590 352 705 450 0.35776678
1 816 167 1019 408 0.08405157
1 721 337 858 437 0.021488545
1 1101 80 1327 326 0.017222961
1 678 315 771 417 0.012840397
2 820 167 1021 390 0.36966488
2 590 357 703 440 0.10682419
2 1101 80 1327 326 0.022349304
2 265 172 514 418 0.02108311
2 901 167 1004 340 0.015385251
3 805 161 1024 407 0.6262717
3 265 172 514 418 0.08806002
3 868 161 1006 327 0.08355758
3 945 148 1149 347 0.038743183
3 590 352 705 450 0.03321076
3 1101 80 1327 326 0.032289244
3 989 84 1178 297 0.026543718
3 597 203 838 412 0.023761323
3 889 174 1088 376 0.017879998
3 952 195 1044 368 0.012686433
3 671 143 876 380 0.012585758
3 986 134 1100 256 0.011666978
3 382 172 628 412 0.011266098
3 732 178 947 442 0.010999759
3 957 151 1042 265 0.010932928
