1 471 251 721 469 0.039361212
1 716 254 928 451 0.031448662
1 881 385 1072 576 0.031413786
1 237 229 442 428 0.020934545
1 309 227 607 462 0.010654425
2 720 233 1039 465 0.17914845
2 243 217 578 471 0.01806627
2 471 251 721 469 0.013946782
2 768 237 936 419 0.011717186
2 831 346 1029 450 0.010059401
3 720 233 1039 465 0.7912292
3 471 251 721 469 0.21927923
3 309 227 607 462 0.1153431
3 674 239 887 447 0.030758472
3 207 219 495 469 0.028896771
3 398 178 880 469 0.025482181
3 578 217 794 452 0.02437255
3 812 247 918 411 0.023401784
3 799 142 1186 470 0.022873698
3 239 217 352 387 0.012397232
3 847 335 1077 542 0.011144256
