1 227 289 480 540 0.5142113
1 926 447 1048 549 0.069631726
1 712 307 910 493 0.01548426
1 932 415 1027 516 0.013131845
1 752 451 887 566 0.012784906
2 227 289 480 540 0.09730929
2 712 307 910 493 0.024167007
2 752 451 887 566 0.011165495
2 926 447 1048 549 0.010221629
3 226 286 476 545 0.38702017
3 761 313 1019 509 0.029221367
3 712 307 910 493 0.02677485
3 716 429 920 578 0.025425643
3 932 443 1041 546 0.024655756
3 859 447 1047 600 0.020042486
3 658 264 815 457 0.01883748
3 759 459 872 585 0.012335023
3 683 266 800 356 0.011397522
