1 193 182 494 442 0.77575064
1 508 231 753 427 0.11453081
1 769 188 1038 415 0.019291434
1 903 355 1054 444 0.015865086
1 716 234 942 412 0.01558532
1 351 199 632 421 0.011637254
2 195 179 497 438 0.22482778
2 716 234 942 412 0.091828905
2 511 268 746 428 0.04389688
2 886 323 1051 420 0.019807663
2 492 193 683 399 0.014956601
2 948 55 1186 328 0.01275676
3 769 188 1038 415 0.1785655
3 824 88 1126 409 0.07320993
3 716 234 942 412 0.06927483
3 492 193 713 398 0.06853366
3 513 262 767 434 0.055611636
3 195 179 497 438 0.05140696
3 948 55 1186 328 0.030694297
3 884 254 1056 422 0.029103706
3 903 355 1054 444 0.019119238
3 682 202 810 373 0.017315743
3 727 223 839 360 0.013669746
3 766 154 944 359 0.01361809
3 739 307 1057 475 0.012709162
3 616 204 750 375 0.011445866
3 944 130 1118 486 0.010010788
