1 1155 31 1326 267 0.02438956
1 532 230 701 319 0.012612188
1 723 228 872 352 0.011039622
2 952 179 1112 325 0.09398216
2 776 99 1019 329 0.07674953
2 1192 55 1321 261 0.0133075975
2 895 101 1120 345 0.010590187
3 776 99 1019 329 0.70002395
3 895 101 1120 345 0.09099685
3 1137 51 1328 281 0.065932505
3 952 179 1112 325 0.037913915
3 673 99 907 332 0.03112596
3 818 121 960 282 0.026363855
3 784 139 1111 419 0.024322579
3 705 29 950 250 0.018059652
3 231 118 428 354 0.017547106
3 977 78 1191 361 0.015546046
3 523 225 705 317 0.0149885155
3 402 130 595 319 0.013667082
3 459 110 717 332 0.013527484
3 694 49 1134 348 0.0129652945
3 1202 230 1321 374 0.011914425
3 844 203 1048 370 0.011759247
3 731 221 860 357 0.01089975
3 565 53 822 284 0.010812377
3 1270 266 1328 336 0.010332747
3 338 32 682 318 0.010107566
