1 962 79 1169 295 0.25728604
1 947 340 1058 489 0.03904304
1 577 269 806 446 0.016885798
1 293 296 445 513 0.012644997
2 771 286 1022 477 0.1728011
2 581 268 795 444 0.11830531
2 895 332 1054 487 0.07323351
2 968 68 1169 276 0.04404961
2 653 295 864 462 0.01642336
2 854 330 993 450 0.01584929
3 769 288 1018 475 0.6350691
3 968 68 1169 276 0.37102473
3 895 332 1054 487 0.0439205
3 520 267 780 469 0.039784905
3 761 143 1053 452 0.025185866
3 642 209 971 469 0.020454524
3 239 296 453 536 0.012711346
3 856 326 992 455 0.01226342
3 721 178 982 372 0.0110391015
