1 135 321 381 576 0.17630465
1 804 499 983 650 0.019506538
1 656 355 821 549 0.012083252
2 135 321 381 576 0.037722234
2 804 499 983 650 0.030362096
2 678 269 953 557 0.02633917
2 772 80 925 284 0.0115688285
3 674 361 934 565 0.17214923
3 135 321 381 576 0.17121172
3 772 80 925 284 0.08564037
3 631 286 840 532 0.073151514
3 731 230 992 551 0.042866565
3 804 499 983 650 0.033451613
3 588 146 917 538 0.022972142
3 624 167 798 459 0.022678437
3 733 406 975 618 0.014495136
3 578 214 750 503 0.013993145
3 743 148 937 456 0.01350876
3 578 139 819 331 0.013263795
3 113 180 459 554 0.01242762
3 258 403 427 588 0.01199796
3 138 442 372 651 0.010724799
3 676 100 847 394 0.010617503
3 784 104 988 376 0.01052733
3 510 94 791 420 0.010143744
