1 437 127 668 351 0.049996205
1 214 132 425 369 0.038974676
1 870 0 1086 157 0.014621562
2 711 122 999 342 0.13814253
2 214 132 425 369 0.060825218
2 437 127 668 351 0.014868034
2 1087 10 1190 127 0.0121199805
2 870 0 1086 157 0.0111757545
3 712 118 1000 340 0.8227058
3 205 131 430 369 0.6954064
3 437 127 668 351 0.24010248
3 287 119 505 346 0.025943158
3 499 118 812 361 0.021780392
3 214 244 341 372 0.018413983
3 224 125 616 399 0.016518695
3 867 151 1027 332 0.014074679
3 649 108 871 328 0.012528612
3 218 140 334 307 0.011903741
3 1085 10 1190 148 0.011349184
3 43 124 456 413 0.010751078
3 159 135 324 398 0.010249041
