1 471 250 679 442 0.50844574
1 203 249 464 521 0.036478028
1 727 245 983 504 0.015734809
1 370 245 610 471 0.011575335
2 729 248 984 499 0.80799
2 471 250 682 426 0.7442761
2 203 249 464 521 0.048419345
2 892 388 1033 488 0.021257073
2 374 247 627 467 0.016477935
2 1007 62 1166 328 0.015761709
2 840 310 1036 488 0.01166994
3 728 252 983 498 0.21950291
3 471 250 679 442 0.14590001
3 876 327 1053 497 0.05087448
3 206 248 483 514 0.030247614
3 921 393 1057 492 0.015392659
3 1007 62 1166 328 0.014467537
3 370 245 610 471 0.011568515
