1 506 279 686 446 0.09550914
1 522 288 613 420 0.027851455
1 529 214 736 386 0.023131037
1 808 150 1035 364 0.021199625
1 436 306 626 461 0.017248359
1 484 189 571 287 0.016690968
1 628 205 837 381 0.014214534
1 526 253 643 354 0.012870569
1 341 152 435 262 0.012806888
1 494 217 625 307 0.012537291
1 469 188 649 345 0.011259468
1 736 170 857 364 0.010220127
2 789 149 1054 375 0.7825816
2 628 205 837 381 0.018255092
3 789 151 1057 376 0.2407069
3 632 176 841 371 0.045183416
3 1083 85 1265 336 0.022693612
3 646 292 855 456 0.022074662
3 427 313 625 465 0.017281253
3 549 202 780 382 0.0125063155
3 730 300 936 451 0.0122444965
3 505 185 695 349 0.011606295
3 505 219 604 321 0.011061775
3 738 188 851 351 0.011031488
3 1151 77 1254 234 0.0108047
3 619 303 756 446 0.010656143
3 1023 150 1086 324 0.010226523
