1 211 133 455 396 0.9569548
1 356 269 584 434 0.34098706
1 320 171 540 413 0.021284169
1 216 257 436 413 0.02063947
1 777 122 1000 370 0.012164373
2 802 114 989 341 0.50605166
2 370 269 577 434 0.05858702
2 948 314 1097 401 0.05380787
2 916 236 1111 405 0.034031868
2 219 135 442 353 0.022410057
2 1090 42 1307 311 0.011857345
3 772 123 1004 370 0.5059022
3 370 269 577 434 0.070174314
3 198 136 447 406 0.043776013
3 916 236 1111 405 0.03509366
3 948 314 1097 401 0.03222382
3 1057 54 1300 312 0.014260694
3 885 108 1101 387 0.010982209
